29 34 40 48 52 66 72 #UTIL: 516882
34 40 48 52 64 66 72 #UTIL: 472270
34 40 48 52 66 72 #UTIL: 468730
29 34 40 48 52 56 60 68 #UTIL: 465220
29 34 40 52 66 72 #UTIL: 457824
29 34 40 48 52 56 66 68 #UTIL: 445610
34 40 48 52 56 72 #UTIL: 438165
29 34 40 48 52 66 68 #UTIL: 411582
34 48 52 60 64 66 72 #UTIL: 399263
29 34 40 48 52 68 #UTIL: 396031
34 48 52 56 64 66 72 #UTIL: 372924
3 34 48 52 64 66 72 #UTIL: 372187
34 40 48 52 56 60 68 72 #UTIL: 371628
29 34 48 52 56 60 68 #UTIL: 364748
34 48 52 64 66 72 #UTIL: 355835
